RDA3
A
3
198146
197888
5
UTF-8
1026
1
262153
2
df
787
6
14
200
-5.957200561520353
-2.764685595071173
3.179069674665704
-1.136350522898307
4.212309757640731
2.757627157889306
2.202286329575319
0.02036523790284954
-4.090155611761789
0.8246556209408394
1.064369159914053
0.5699625506063686
-1.249876240588266
1.477165269250917
1.671048491528477
0.2412004145297129
0.7593338925966862
1.162499730615505
2.22377852059842
1.781736688874358
-0.01182376833958071
-1.827034656398683
-2.742426515518888
-4.4149711793536
1.243450885973993
-2.914872714034474
3.228292691005071
1.860017056952526
-2.871898923788245
2.508209855399855
-3.303415148881395
-0.8393371824816307
0.228801761407037
2.530702519526578
1.200838344291168
2.393499258631357
0.2477780546333149
-0.4985219046585738
-1.17889677622719
0.8742425598061382
1.060475089566943
1.107020877168432
-3.921753055323786
3.860371816725563
2.623459985786525
-5.16722138150518
-1.300727089467999
1.594116866261594
1.830279252967788
-0.645849798427678
1.281803805808413
1.866390889817438
0.4730748896053942
0.1485136323752487
-3.388990589300198
0.691515364925205
-4.730553943432622
0.2510392749687439
1.740778793080285
2.764351372692268
1.377920972637996
0.1435685320767832
-0.8756150168021101
-4.034152514676673
-5.429787551262157
-2.92827392776724
1.127967647917391
2.184369772012372
1.29572495366623
2.389761823665981
-2.423264801408658
-4.276899669830053
-3.083030946572331
2.238355548786084
-2.609604306499877
1.166490958256725
-0.7608337955425836
-1.33070922890988
-0.003223609338035893
-1.877681365563869
3.48121762604682
-0.5110275044807321
-0.8218272171308281
0.5889683979177269
-0.5414821359426967
-0.251711203198059
1.864336938556556
-2.421366108832551
0.3135313797072821
0.969028845030139
-1.037718381194223
-1.414005949003279
-3.10617379934571
0.6912245127053653
-2.866784471583844
-1.040975160743699
-2.037759962886513
4.306111320279296
-0.8596835894060022
-2.24908558987492
0.9903918678175878
0.915681068576052
2.200395118806273
1.467328928754557
-0.1461569912707555
-0.9161099018721179
3.292660910763104
-3.436197925164672
-4.177176411880353
-2.322322274476685
-3.118806187741924
-1.419054538034609
1.561942803176761
2.32571563652843
1.417428201548596
-1.780613875507134
-0.2281187043889639
1.388809019855027
-4.211990347507643
-3.415712958849244
-1.541512770520967
-3.11064693438485
1.627926160608106
-1.707364754530111
2.45361233853667
-2.098515467570358
-0.1369450999988814
0.4417792710871749
-3.269243381722275
0.9296258967692014
-0.4682930641259185
3.499458689759257
1.482749225709997
-3.558511274756749
-3.901994929516438
4.802798136913029
1.826220367513741
0.5456887308754343
0.7991393752908595
-1.827347003709037
-1.300382735851266
-1.713978312358048
-5.033964430213404
-1.963733391239441
-1.1335903915007
2.467683328787073
-1.500194101758487
2.139831899063453
4.060978582719618
-1.03749124044446
-0.8328273061383389
5.668490315717196
1.100538075296776
-0.6693040837394788
1.904914887017428
-2.300916324326413
-1.246141039937848
-0.6722322666612255
6.172577393781886
-2.851713616576415
1.048312194797813
-3.112847910963198
-2.09910100352378
1.070260061947754
-2.170852439386969
1.093532503124353
-0.5059989220059049
1.636460652788015
-0.930428189684783
0.4067879049060369
-5.592591437622675
2.823462761731818
1.163644707682111
1.310244340460397
-1.470973966188888
0.254771375180778
1.68815819038498
-0.3173189851386223
1.381136075641044
3.932037460613239
-0.0411369467126752
0.9734828101310461
-0.2919532844316851
1.102857852301462
-1.029355615803489
-2.958806508370329
0.3538165568259789
2.231331746926927
1.546537699797207
-3.321415618365781
1.325521206066431
2.398502026455655
-1.765545112632225
1.630178650578244
-0.172761700489231
-1.082982057181714
1.97235068833077
-2.764522715231975
0.8472135415368418
0.2781316967626378
14
200
-0.5604756465522126
-0.23017748948328
1.558708314149124
0.070508391424576
0.1292877351609462
1.715064986883281
0.4609162059892023
-1.265061234606534
-0.6868528518935261
-0.4456619700999581
1.224081797439462
0.3598138270573638
0.4007714505940522
0.1106827159451197
-0.5558411347540749
1.786913136803078
0.4978504782292394
-1.966617156629638
0.7013559015636855
-0.472791407727934
-1.067823705986845
-0.2179749146582951
-1.02600444830724
-0.7288912292911403
-0.6250392678492567
-1.686693310742413
0.8377870444945247
0.1533731178365152
-1.138136937011948
1.253814921069927
0.4264642214768136
-0.2950714829922712
0.8951256610450222
0.8781334875330422
0.8215810816374871
0.688640254100091
0.5539176535375888
-0.06191171057672168
-0.3059626637399168
-0.3804710010123827
-0.6947069789205127
-0.2079172780195988
-1.265396351568264
2.168955965338513
1.207961998304991
-1.123108583203349
-0.402884835299076
-0.4666553536232189
0.7799651183363179
-0.08336906647182928
0.2533185139947548
-0.02854675534870302
-0.04287045729131609
1.368602284014458
-0.2257709856592676
1.51647060442954
-1.548752804230221
0.5846137496360692
0.1238542438446138
0.2159415687439727
0.3796394827598821
-0.5023234531093023
-0.3332073836694201
-1.018575383107089
-1.071791226475578
0.3035286414042581
0.4482097786294262
0.05300422673050414
0.9222674678797376
2.050084685627144
-0.4910311660565353
-2.309168875640812
1.005738524462257
-0.7092007625823926
-0.688008616467358
1.025571369696699
-0.2847730070510089
-1.220717712254536
0.1813034797491502
-0.1388913624390446
0.005764185899886933
0.3852804011263305
-0.3706600317924094
0.644376548518833
-0.2204865618187506
0.3317819639156969
1.096839013149348
0.4351814908338029
-0.3259315855312268
1.148807618451094
0.9935038559621194
0.54839695950807
0.2387317351114412
-0.6279060760393714
1.360652448530008
-0.6002595871471269
2.187332993016577
1.532610626185189
-0.2357003591004769
-1.026420900306781
-0.710406563699301
0.2568837091565295
-0.2466918784623736
-0.3475425993977332
-0.9516185672650157
-0.04502772480892027
-0.7849044694570758
-1.667941936588137
-0.3802265202877624
0.918996609060766
-0.5753469626083919
0.6079643222250334
-1.617882708289164
-0.05556196552453944
0.5194072039434623
0.3011533621667144
0.1056761941489433
-0.6407060083053764
-0.8497043460335822
-1.024128790604913
0.1176465971001259
-0.9474746141848022
-0.4905574437006683
-0.2560921921982472
1.843862005232207
-0.6519499016954585
0.2353865722848569
0.07796084956371077
-0.9618566341301286
-0.07130808612359867
1.444550858423349
0.4515040530792147
0.04123292199293993
-0.4224968323396248
-2.053247221540516
1.131337213414175
-1.460640070924822
0.7399475108773345
1.909103569217483
-1.443893160971799
0.7017843353747109
-0.262197489402468
-1.572144159145488
-1.514667653781751
-1.601536173574593
-0.530906522170303
-1.4617555849959
0.6879167729758275
2.100108940525672
-1.287030476035179
0.7877388474751781
0.7690422410009099
0.3322025789501177
-1.008376608277008
-0.1194526066306587
-0.2803953351702467
0.5629895332204798
-0.372438756103829
0.9769733866856207
-0.3745808577670138
1.052711465579332
-1.049177006666066
-1.260155244758112
3.241039934942405
-0.4168575881604318
0.2982275915407153
0.6365696740338487
-0.4837806257087436
0.516862044313609
0.368964527385086
-0.2153805076416934
0.06529303352531526
-0.034067253738464
2.128451899016181
-0.7413360962728284
-1.095996267074664
0.03778839917107882
0.310480749443137
0.4365234789101829
-0.4583653327111057
-1.063326133971191
1.26318517608949
-0.3496503879535547
-0.865512862653374
-0.2362795689410965
-0.1971758943485522
1.10992028971364
0.08473729219719646
0.7540537851845215
-0.4992920171722608
0.2144453095816013
-0.3246859114908347
0.09458352817357142
-0.8953633579775416
-1.310801533327972
1.997213384747967
0.6007088236724176
-1.251271361624944
-0.6111659166804209
-1.18548008459731
14
200
2.19881034888372
1.31241297643351
-0.265145056696353
0.5431940592320895
-0.4143399479188597
-0.4762468946155784
-0.7886028378502425
-0.594617267459511
1.65090746733669
-0.0540281250854405
0.1192452364275841
0.243687429599092
1.232475878485338
-0.5160638309447803
-0.9925071503920374
1.67569693240319
-0.4411632169052855
-0.7230659699398736
-1.236273118883293
-1.284715722317797
-0.5739734792979869
0.6179858171665286
1.109848138929718
0.707588353835588
-0.3636572970952526
0.05974993738460069
-0.70459646368007
-0.7172181615740102
0.8846504989769201
-1.015592578603544
1.955293965492464
-0.09031959396585161
0.2145388266292163
-0.7385277047395734
-0.5743886897632697
-1.317016132305242
-0.1829253883727273
0.4189824049244639
0.32430434416138
-0.7815364870547514
-0.7886219708540015
-0.5021987183428608
1.496060669846351
-1.137303620665745
-0.1790515943801984
1.902361821678927
-0.1009748853288084
-1.359840703821394
-0.6647694352740622
0.4854599789048781
-0.3756028716697735
-0.561876363549783
-0.3439172341284593
0.09049664713922118
1.598508771145826
-0.08856511213888398
1.080799496151517
0.6307541156505666
-0.1136398955061407
-1.532902002890598
-0.5211173175525201
-0.4898704531384743
0.04715443276152723
1.300198677666821
2.293078973831094
1.547581058983769
-0.1331509643289445
-1.756527395557637
-0.3887798640717435
0.08920722307329454
0.845013004067436
0.962527968484271
0.6843094294164646
-1.395274349799468
0.8496430456333551
-0.4465572164272222
0.1748027001612557
0.07455117717373456
0.4281667649705055
0.02467498282613994
-1.667475097585663
0.7364959647734421
0.3860265683496758
-0.2656516252782223
0.1181445110466807
0.1340386453684634
0.2210194685610021
1.640846165977486
-0.2190503789334758
0.1680653838846575
1.168383873069093
1.054181023376919
1.145263110380357
-0.5774680010595568
2.002482730292829
0.06670087093018297
1.866851844706862
-1.350902686030712
0.02098358635423748
1.249914570969216
-0.7152421872227963
-0.752688968217742
-0.9385387036068938
-1.052513279338737
-0.4371595331803989
0.3311791729589819
-2.01421049792072
0.2119804333722918
1.23667504641657
2.037574018240435
1.301175992200587
0.7567747637959615
-1.72673039911433
-0.601506708006782
-0.3520464565826169
0.7035239027568945
-0.1056713340037745
-1.258648628060172
1.684435708094115
0.9113912917959627
0.2374302724910258
1.218108610325811
-1.338774287234972
0.6608202977898003
-0.5229123763134219
0.6837455218507125
-0.06082195466007423
0.6329607130314509
1.335517615059392
0.007290090316898794
1.017558636952092
-1.188434035147979
-0.7216044404360152
1.519217711388178
0.3773879730239293
-2.05222282043373
-1.364037452082375
-0.2007810155891212
0.865779404334488
-0.1018832557152225
0.6241874720206527
0.9590053777878254
1.671054828862939
0.05601673327496193
-0.05198190618089897
-1.75323735914227
0.09932759408782749
-0.5718500578955633
-0.9740095828040912
-0.1799062310475403
1.014943172743658
-1.992748488688582
-0.4272792872054287
0.1166372835827064
-0.893207570054953
0.3339029424992251
0.4114299206157307
-0.03303615927599175
-2.465898193760027
2.571458145866638
-0.2052992574681995
0.6511932815876703
0.273766491036548
1.02467323481835
0.8176594463740879
-0.2097931712285086
0.378167772208507
-0.9454088311238928
0.8569230108993184
-0.461038338884354
2.416773353788211
-1.651048895688187
-0.4639872429660149
0.8253798627592425
0.5101325468786635
-0.5894810385150003
-0.9967807422075223
0.1444757047106967
-0.01430741316691339
-1.79028123726406
0.03455106713385103
0.1902303156924571
0.1747263969818416
-1.055017042602681
0.476133278302629
1.37857013695924
0.4562364031798125
-1.135588470374343
-0.435645469691905
0.3461036195536067
-0.647045631318269
-2.157646335015277
0.884250820028209
-0.8294776116245181
-0.5735602707682829
1.503900609004535
-0.774144929605405
0.8457315401892959
-1.260682878818775
-0.3545424030739777
14
200
-0.07355601913647834
-1.168651424424356
-0.6347482649089092
-0.02884155292831445
0.6706959687339302
-1.650546543425109
-0.3497542392112684
0.7564064385454836
-0.5388091599775925
0.227291921672942
0.4922285700644314
0.2678350153316831
0.6532576794713816
-0.1227086609773801
-0.4136765135921203
-2.643148952028978
-0.09294101847947203
0.4302846963599871
0.5353988408681499
-0.5552783513132517
1.779502909775149
0.2864244196288247
0.1263158584588857
1.272266779468519
-0.7184662213192593
-0.4503386239247119
2.397452480049763
0.01112918722088795
1.633568421408307
-1.438506644914523
-0.1905168020429014
0.3784239036368319
0.3000385452057975
-1.005636259510837
0.0192592746253708
-1.077420653111982
0.7127033252442824
1.084775089860646
-2.224987696487413
1.235693462300143
-1.241044496808491
0.4547692689826329
0.6599026381426083
-0.1998898281014332
-0.6451139568597918
0.1653210212420503
0.4388187007144536
0.8833028199487049
-2.052336983901953
-1.636379268059025
1.430402341188183
1.046628847111547
0.4352889489076821
0.7151784071110604
0.9171749176410033
-2.660922798465681
1.11027709663882
-0.4849875965623248
0.2306168306312018
-0.2951578008835772
0.871964954078744
-0.3484724489556109
0.5185037658882478
-0.3906849786389791
-1.092787209101506
1.210010510440265
0.7409000112742742
1.724262239156453
0.0651539325793032
1.125002745828174
1.975419054019078
-0.2814821150389665
-1.322951112755215
-0.2393515671381162
-0.2140412399853833
0.1516805045093197
1.712304977319282
-0.3261438925053481
0.3730046558049154
-0.2276840648955311
0.02045070852503255
0.3140576635062622
1.328214696036986
0.121318377490778
0.7128423200311134
0.7788600297835346
0.9147732708556343
-0.5743945521843834
1.626881214194677
-0.380956739294013
-0.1057841676497518
1.404050267714171
1.29408390614558
-1.089991872411238
-0.8730710004174634
-1.358079059370614
0.1818471926198321
0.1648408679184661
0.3641146873550629
0.5521577142185579
-0.6018928459850164
-0.9936985910987144
1.026785056074904
0.7510613026063233
-1.509166537328701
-0.09514745084928676
-0.8959478227564988
-2.070751070541964
0.1501201311881434
-0.07921170925858824
-0.09736926751308099
0.2161525418012326
0.8824651643965872
0.2055975044833866
-0.6164358428735284
-0.7347992519212811
-0.1318027930411811
0.3100169865789518
-1.039680352702042
-0.1843088688423838
0.9672672601679138
-0.1082800912344861
-0.6984206675943903
-0.2759451684255397
1.11464854536198
0.550043961214136
1.236675800081605
0.1390978571617711
0.4102750964904252
-0.5584569123481329
0.6053706689303329
-0.5063335421892394
-1.420565504695744
0.1279929656841258
1.945851217731435
0.8009143395730616
1.16525338994626
0.3588557230931522
-0.6085571783162245
-0.2022408551102838
-0.2732481068119252
-0.4686997797820871
0.7041672839297158
-1.197363502365412
0.8663661321127734
0.8641524862258932
-1.198622359068748
0.6394919979005336
2.430226652344508
-0.5572154819416083
0.8449042414080717
-0.7822018456194033
1.110711418202801
0.2498247199265625
1.651915391623165
-1.458970728536916
-0.05129788612536124
-0.5269251761255977
-0.1972648690762991
-0.629578742686005
-0.8338435805350006
0.5787223746164499
-1.087580714076927
1.484030931556283
-1.186206585313751
0.1010791513952797
0.5329892868264807
0.5867353390926253
-0.3017466638663803
0.07950199532840103
0.9612641518096774
-1.456465917076426
-0.7817397115320819
0.3204023143166103
-0.4447819783369915
1.370003993971
0.6732538633548357
0.07216675241475584
-1.50775731753668
0.0261002253262418
-0.3164158681969931
-0.1023465135205978
-1.181559227055685
0.4986580438299246
-1.038956440307033
-0.2262219814424097
0.3814258294513523
-0.783515789013048
0.5829914056800642
-1.316510401651693
-2.809774678960542
0.4649679907858525
0.8405398269609996
-0.2858454235913839
0.5041262545916082
-1.155916525083672
-0.1271486068256622
-1.941518376040618
1.181180891438522
1.859910861543161
14
200
1.07401226028199
-0.0273469664137418
-0.03333034227591927
-1.516067623151099
0.790385343888228
-0.2107341806917757
-0.6567429253610754
-1.412025792658309
-0.2997624966462722
-0.8490611350167082
-0.3970305203278366
-1.217599987763597
1.687589482945698
-0.01600252720796886
1.074945077272386
-2.601699670257652
-0.4531978299948375
-0.6754822915920712
-1.222926179365913
1.546609154224095
-1.41528191976949
0.3183902604080251
0.8464362855796922
0.1781901884180231
-0.8752554774955156
0.9411658067241672
0.1705880818408379
-1.063497906382043
-1.388049047602061
2.086717434493147
-0.6785031454184371
-1.85557165391804
0.5332593627536522
0.3102302560608955
-1.353834335722598
-1.94295641358195
-0.1163025171586056
1.139396291709422
0.6361240351821486
-0.4929374241619773
-0.8341882315843776
0.2710667567505451
0.1573533472161576
0.6297117466927278
-0.3957979502888964
0.8993540532030995
-0.8308115273362484
-0.3305447001199631
0.7408145237259045
0.9899716086271126
-1.938504701453379
0.1071904070161529
0.6087790117346299
-1.450824313490631
0.4806255998752172
-0.828174270396797
1.020253012164429
0.538482032102641
0.7690522949956095
0.1207193292870342
0.8636484341577534
1.380514528314538
1.966248015455634
-0.02839505474906499
-2.249051090332405
0.03152600459399171
0.2055612084499747
-0.1553453471443985
0.5682886207770745
1.010677964514265
-0.5179824301678216
-0.2940953271561105
0.397842208800339
-0.5502237414891381
0.09126738348823545
-1.961707598885302
-1.119899721397624
-1.327755475604125
-0.8536236967272416
-0.6933045279306658
0.3823051425463699
0.9821130025226407
-0.7273835290875355
-0.9968389823780047
-1.04168885898951
-0.4145887263636737
-0.2390290681525641
0.4836175338382694
-0.3213248421683899
-2.078489268860023
-0.09143427555013835
1.187186810651556
1.191601268510325
-0.7889632181112297
-1.547776543637571
2.458060491865274
-0.1624219424794193
-0.09745125010561723
0.4205741886981469
-1.614039456619119
-0.7282191111912876
-1.540442405290009
-0.6930946140105951
0.118849433004561
-1.364709457986912
0.589982679367313
0.2893440288173358
-0.904215025620639
0.2263249423810635
0.7480811624938435
1.061095253261742
-0.2128482786465276
-0.09363679391104562
-0.08671413498192511
1.441461756055045
1.125071892277994
0.8344015677570392
-0.2873407998406928
0.373241434166406
0.4032903312206958
-1.041673294289322
-1.728304515320743
0.6418300276516161
-1.529310531180422
0.00168368848420991
0.2502478213483311
0.5638673903058834
0.1894262375148107
-0.7328538062971252
0.9863658598954617
1.738633766906246
0.8811788089254428
-1.943650901323976
1.399576185402944
-0.05605594618626797
0.5249142793192899
0.6220332358710604
-0.09668607320670514
-0.07526319764872627
1.0191570693309
0.711601922486244
0.9902622460442313
2.382926695230327
0.664415863694087
0.2073811573853069
-2.210633110575621
2.691714003246116
-0.4826768217963078
2.374734715095394
0.3746435680049877
1.538430198896794
-0.1097103211762388
0.5114707546981254
0.2139579796422618
-0.1861206993734956
-0.1203938246224936
1.012834335844254
-0.2014581469714997
-2.0376824944408
-0.1958892488298278
0.5397906055362739
0.6164557163514397
0.6165678174774341
-1.692101520869081
0.368742058011194
0.9678592099470636
1.276578681467657
-0.2249612710441159
-0.3218925861828012
1.487837831878039
-1.66792804577932
-0.4368299769131249
0.4574620793574546
-1.617773765381226
0.2796278624317575
1.877864021052193
-0.00406065343634058
-0.2784540249635862
0.4749117140340542
-0.2790721707873067
0.8134003740790647
0.9044354644496952
0.002691661230120906
-1.176692157749727
-1.318220727459088
-0.5929973656553169
0.7973805005498356
-1.958205174656925
-1.886325158732546
-0.6537798247601029
0.3943948479805846
-0.9135660481649922
0.8867490370960592
0.3333699701551824
-0.1706396182386098
0.8188281365317798
0.3883651628193677
-0.4459350272121562
0.23111493441816
0.6475133579775916
14
200
0.3562833448620469
-0.6580102079494788
0.8552022050641918
1.152936225558616
0.2762745565433367
0.144104662462187
-0.07562508077983801
2.161415846302788
0.2763155321357929
-0.158294028699944
-2.507917802197254
-1.565281765030533
-0.0776732006105648
0.2062940448430979
0.2768724588616144
0.8215067804486178
-0.1941524093204567
1.214588794482562
-0.921516042869578
-1.208442720443067
-1.228986177553814
0.7422970241865179
-0.08291994233922603
0.7898179218204991
-0.2677064215570847
-0.5918921022128126
-0.368352575126506
-1.852616824241729
-1.169615260414115
-1.44203464635845
1.054322271975348
-0.5973300913628001
0.7894598527901798
1.516490601691958
-0.1917748091099422
0.2838789063523513
-1.751067519396079
-0.8186697775198026
0.05621484938283862
0.2990869033361523
-0.7593981172988821
2.684858999226799
-0.4583901390923888
0.0642435566300379
0.6497918671535179
-0.0260186347739953
-0.643567387027114
1.045305663963305
1.615545323207201
-0.0296939710498354
0.5622673454030662
-0.09741249850263016
1.016455217702162
-1.156167394259853
2.320860223994476
-0.6035312477883376
-1.458849414438092
-0.3509178271930697
0.1467084841450019
1.623621207680229
0.9112096767713199
0.1424584320457866
-1.38948352398816
-0.8660377446721136
-0.1632849322292941
2.553026113460593
-1.860227574218415
1.131054651846021
-0.5272342572339209
1.665990899987419
-1.139200639973405
0.1436232346627474
-1.099550941702751
0.9035164263616751
1.483779488738086
1.950721006401152
0.7976006575895186
1.843266254577821
1.246423908661646
-0.1318749118240152
0.4770372382847001
-0.9719942114759335
-0.1852021694009938
1.220963708348822
0.5412841434823501
0.45735733162533
-1.038131039687205
-0.6045132303341167
-0.7646060137535687
0.395295870013499
-0.9905076304665589
0.5620413900990521
-1.116416411933542
1.828530458135364
0.4605913494781038
-0.7010036122532697
0.2410459325012233
-0.3524531992279561
0.371147959759657
0.2435327187603004
-1.014114172661474
-0.79131387881947
0.2995936847395636
1.639051908751562
1.084617008670922
-0.6245674736180938
0.8259229016474942
-0.04856835275628854
0.3013136517184046
0.2603614907365583
2.575449763723391
-1.185288810587224
0.1009198590128569
-1.779977287967616
0.5898359229587584
1.096608471721405
1.445662241101153
-1.925145251837121
0.4127694971940302
1.593369951383652
-0.414015863042303
-0.2121505320819494
-0.03653722220474125
0.3650187514330356
0.6651598757459689
1.317820883711482
-0.09548759044499239
0.1962780454724688
2.487997877221462
0.4310989281149912
0.1887531093298334
-1.342243125283449
0.002856047622226594
-0.2213261531668811
-0.01104582980937378
-0.5754176412711666
-0.6868156524427007
-0.7207736318201219
-0.2145045153997742
1.368132648028627
1.049086626559328
-0.3599751179430565
-1.68591645453874
-0.8445834285359536
-0.4577605332405078
0.1036380042283041
-0.6626072757008146
2.00668069083189
-0.2722675344183511
-1.21394447023951
-0.1412617572825133
-1.005377581593414
0.1561557072753264
0.2336336140898694
0.3555876116283844
-1.621858259124215
0.2207112909706488
0.310450080541646
-1.421108447504488
0.9553656397304111
0.7841708790943376
2.299619361154445
0.156702987375728
0.04673352751800071
0.09658583408243634
0.06976623090030058
-1.848472775337667
-1.671127058642244
-0.07753896679120335
-0.5810673805664984
0.05473652505742527
-2.111208373260531
-1.498698254526758
-1.101483438938742
0.9860582210602473
-1.098490007090116
-0.7995139535765308
0.07987381867405269
-0.3227463618251089
0.1464171786679623
2.305061982045692
-1.124603671258237
-0.3054696399098045
-0.516759449743733
1.512395426832454
-0.7694849228902776
-0.08208690377571831
0.7871336143227076
-1.0585905359484
1.65517581574201
0.675762415474246
-1.074206609530354
0.454577809057738
-0.2133071432330683
0.3132287719943345
-0.08997519701566341
1.070516036778344
-1.351100385703334
-0.5226166971959159
-0.2491906777553992
1026
1
262153
5
names
16
6
262153
1
y
262153
2
x1
262153
2
x2
262153
2
x3
262153
2
x4
262153
2
x5
1026
1
262153
5
class
16
1
262153
10
data.frame
1026
1
262153
9
row.names
13
2
NA
-200
254
254
